0,300,713,890,828,978,1202,476,974,1253
300,0,825,721,990,1031,1048,281,1029,1092
713,825,0,746,1468,1681,903,689,1676,961
890,721,746,0,1696,1749,328,441,1747,371
828,990,1467,1696,0,385,2018,1257,379,2066
978,1031,1680,1749,385,0,2077,1313,6,2118
1202,1048,903,328,2018,2077,0,768,2075,59
476,281,689,441,1257,1313,768,0,1310,812
974,1029,1676,1747,379,6,2075,1310,0,2116
1253,1092,961,371,2066,2118,59,812,2116,0
